num_of_uavs = 4
cell_radius = 7
time_charge = 300
min_speed = [110, 120, 130, 140, 130, 140, 140, 110, 120]
max_speed = [120, 130, 140, 150, 140, 150, 150, 120, 130]

40 
20

maptype = 1
state = [[0, 0, 0, 0, 0, 0, 0, 0, 0, 0, 0, 0, 0, 0, 0, 0, 0, 0, 0, 0], [0, 0, 0, 0, 0, 0, 0, -1, -1, 0, 0, 0, 0, 0, 0, 0, 0, 0, 0, 0], [-1, 0, 0, 0, 0, 0, 0, 0, 0, 0, 0, 0, 0, 0, 0, 0, 0, 0, 0, 0], [-1, 0, 0, 1, 1, 1, 1, 1, 1, 1, 1, 1, 1, 1, 1, 0, 0, 0, 0, 0], [0, 0, 0, 1, 1, 1, 1, 1, 1, 1, 1, 1, 1, 1, 1, 0, 0, -1, -1, 0], [0, 0, 0, 1, 1, 1, 1, 1, 1, 1, 1, 1, 1, 1, 1, 0, 0, 0, -1, 0], [0, 0, 0, 1, 1, 1, 1, 1, 1, 1, 1, -1, 1, 1, 1, 0, 0, 0, -1, 0], [0, 0, 0, -1, 1, 1, 1, 1, 1, 1, -1, 1, 1, 1, 1, 0, 0, 0, 0, 0], [0, 0, 0, 1, -1, -1, 1, 1, 1, 1, 1, 1, 1, 1, 1, 0, 0, 0, 0, 0], [0, 0, 0, 1, 1, -1, -1, 1, 1, 1, 1, 1, 1, 1, 1, 0, 0, 0, 0, 0], [0, 0, 0, 1, 1, 1, 1, 1, 1, 1, 1, 1, 1, 1, 1, 0, 0, 0, 0, 0], [0, 0, 0, 0, 1, 1, 1, 1, 1, 1, 1, 1, 1, 1, 1, 0, -1, -1, 0, 0], [0, 0, 0, 0, 1, 1, 1, 1, 1, 1, 1, 1, 1, 1, 1, -1, -1, -1, -1, 0], [0, 0, 0, 0, 1, 1, 1, 1, 1, 1, 1, 1, 1, 1, 1, 0, -1, -1, -1, 0], [0, 0, 0, 0, 1, 1, 1, 1, 1, -1, -1, 1, 1, 1, 1, 0, 0, 0, 0, 0], [0, -1, 0, 0, 1, 1, 1, 1, 1, -1, -1, -1, 1, 1, 1, 0, 0, 0, 0, 0], [0, -1, 0, 0, 1, 1, 1, 1, 1, 1, 1, 1, 1, 1, 1, 1, 0, 0, 0, 0], [0, -1, 0, 0, 1, 1, 1, 1, 1, 1, 1, 1, 1, 1, 1, 1, 0, 0, 0, 0], [0, 0, 0, 0, 1, 1, 1, 1, 1, 1, 1, 1, 1, 1, 1, 1, 0, 0, 0, 0], [0, 0, 0, 0, 1, 1, -1, 1, 1, 1, 1, 1, 1, 1, 1, 1, 0, 0, 0, 0], [0, 0, 0, 0, 1, 1, -1, 1, 1, 1, 1, 1, 1, 1, 1, 1, 0, 0, 0, 0], [0, 0, 0, 0, 1, 1, 1, 1, 1, 1, 1, 1, 1, 1, 1, 1, 0, 0, 0, 0], [0, 0, 0, 0, 1, 1, 1, 1, 1, 1, 1, 1, 1, 1, 1, 1, 0, 0, 0, 0], [0, 0, 0, 0, 1, 1, 1, 1, 1, 1, 1, 1, 1, -1, -1, 1, 0, 0, 0, 0], [0, 0, 0, 0, 1, 1, 1, 1, 1, 1, 1, 1, 1, -1, -1, 1, 0, 0, 0, 0], [0, 0, 0, 0, 1, 1, 1, 1, 1, 1, 1, 1, 1, -1, -1, 1, 0, 0, 0, 0], [0, 0, -1, -1, 0, 0, 0, 0, 0, 0, 0, 0, 0, 0, 0, 0, 0, 0, -1, 0], [0, 0, 0, -1, -1, -1, 0, 0, 0, 0, 0, 0, 0, 0, 0, 0, 0, -1, -1, 0], [0, 0, 0, 0, 0, 0, 0, 0, 0, 0, 0, 0, 0, 0, 0, 0, -1, -1, 0, 0], [0, 0, 0, 0, 0, 0, 0, 0, 0, 0, 0, 0, 0, 0, 0, 0, 0, 0, 0, 0]]
uav_start = (2, 4)
base = (2, 3)
priority = [[0, 0, 0, 0, 0, 0, 0, 0, 0, 0, 0, 0, 0, 0, 0, 0, 0, 0, 0, 0], [0, 0, 0, 0, 0, 0, 0, 0, 0, 0, 0, 0, 0, 0, 0, 0, 0, 0, 0, 0], [0, 0, 0, 0, 0, 0, 0, 0, 0, 0, 0, 0, 0, 0, 0, 0, 0, 0, 0, 0], [0, 0, 0, 1, 4, 9, 9, 9, 9, 4, 2, 2, 2, 2, 2, 0, 0, 0, 0, 0], [0, 0, 0, 1, 4, 4, 9, 9, 9, 4, 2, 2, 2, 2, 2, 0, 0, 0, 0, 0], [0, 0, 0, 1, 1, 4, 4, 4, 4, 4, 2, 2, 3, 3, 2, 0, 0, 0, 0, 0], [0, 0, 0, 1, 3, 3, 1, 1, 1, 1, 3, 0, 2, 2, 2, 0, 0, 0, 0, 0], [0, 0, 0, 0, 1, 3, 1, 1, 1, 1, 0, 2, 2, 2, 2, 0, 0, 0, 0, 0], [0, 0, 0, 1, 0, 0, 3, 1, 1, 3, 2, 2, 2, 12, 12, 0, 0, 0, 0, 0], [0, 0, 0, 1, 1, 0, 0, 3, 1, 3, 3, 2, 2, 12, 12, 0, 0, 0, 0, 0], [0, 0, 0, 1, 1, 1, 1, 3, 1, 1, 3, 3, 3, 2, 2, 0, 0, 0, 0, 0], [0, 0, 0, 0, 9, 1, 1, 3, 1, 1, 3, 2, 3, 2, 2, 0, 0, 0, 0, 0], [0, 0, 0, 0, 9, 9, 1, 3, 1, 1, 3, 3, 3, 3, 3, 0, 0, 0, 0, 0], [0, 0, 0, 0, 9, 9, 1, 1, 1, 1, 3, 3, 3, 3, 3, 0, 0, 0, 0, 0], [0, 0, 0, 0, 9, 9, 1, 1, 3, 0, 0, 3, 1, 3, 3, 0, 0, 0, 0, 0], [0, 0, 0, 0, 9, 9, 2, 2, 3, 0, 0, 0, 1, 1, 1, 0, 0, 0, 0, 0], [0, 0, 0, 0, 9, 2, 2, 2, 4, 4, 4, 3, 4, 4, 2, 2, 0, 0, 0, 0], [0, 0, 0, 0, 2, 2, 2, 2, 4, 4, 4, 3, 2, 2, 10, 10, 0, 0, 0, 0], [0, 0, 0, 0, 2, 2, 3, 3, 4, 4, 4, 3, 2, 2, 10, 10, 0, 0, 0, 0], [0, 0, 0, 0, 2, 3, 0, 3, 4, 4, 4, 3, 2, 2, 10, 10, 0, 0, 0, 0], [0, 0, 0, 0, 2, 3, 0, 3, 3, 3, 4, 3, 2, 2, 2, 10, 0, 0, 0, 0], [0, 0, 0, 0, 3, 3, 3, 3, 3, 3, 3, 3, 2, 2, 2, 2, 0, 0, 0, 0], [0, 0, 0, 0, 3, 2, 2, 2, 40, 40, 3, 3, 3, 3, 2, 2, 0, 0, 0, 0], [0, 0, 0, 0, 3, 2, 2, 2, 40, 40, 3, 3, 3, 0, 0, 3, 0, 0, 0, 0], [0, 0, 0, 0, 3, 3, 3, 2, 3, 3, 3, 3, 3, 0, 0, 3, 0, 0, 0, 0], [0, 0, 0, 0, 2, 2, 3, 3, 3, 3, 3, 3, 3, 0, 0, 3, 0, 0, 0, 0], [0, 0, 0, 0, 0, 0, 0, 0, 0, 0, 0, 0, 0, 0, 0, 0, 0, 0, 0, 0], [0, 0, 0, 0, 0, 0, 0, 0, 0, 0, 0, 0, 0, 0, 0, 0, 0, 0, 0, 0], [0, 0, 0, 0, 0, 0, 0, 0, 0, 0, 0, 0, 0, 0, 0, 0, 0, 0, 0, 0], [0, 0, 0, 0, 0, 0, 0, 0, 0, 0, 0, 0, 0, 0, 0, 0, 0, 0, 0, 0]]
map_width = 30
map_height = 20
cell_size = 20
FPS = 60
uav_distance = 130
dis_threshold = 100

60 
30

maptype = 2
state = [[0, 0, 0, 0, 0, -1, 0, 0, 0, 0, 0, 0, 0, 0, 0], [0, 0, 0, 0, 0, -1, -1, -1, 0, 0, 0, 0, 0, 0, 0], [0, 0, 0, 0, 0, 0, 0, 1, 1, 1, 0, 0, 0, 0, 0], [0, 0, 0, 0, 0, 1, 1, 1, 1, 1, 1, 1, 0, 0, 0], [0, 0, 1, 1, 1, 1, 1, 1, 1, 1, 1, 1, 0, -1, -1], [0, 0, 1, 1, 1, 1, -1, 1, 1, 1, 1, 1, 0, 0, 0], [0, 0, 1, 1, 1, 1, -1, 1, 1, 1, 1, 1, 0, 0, 0], [0, 0, 1, 1, -1, -1, -1, 1, 1, 1, 1, 1, 0, 0, 0], [0, 0, 1, 1, 1, 1, 1, 1, 1, 1, 1, 1, 0, 0, 0], [0, 0, 1, 1, 1, 1, 1, 1, 1, 1, 1, 1, 0, 0, 0], [0, 0, 1, 1, 1, 1, 1, 1, 1, 1, 1, 1, 0, 0, 0], [0, 0, 1, 1, 1, 1, 1, 1, -1, 1, 1, 1, 0, 0, 0], [0, 0, 1, 1, 1, 1, 1, 1, -1, -1, -1, -1, 0, 0, 0], [0, 0, 1, 1, 1, 1, 1, 1, 1, 1, 1, 1, 0, 0, 0], [-1, 0, 1, 1, 1, 1, 1, 1, 1, 1, 1, 1, 0, 0, 0], [-1, 0, 1, 1, 1, 1, 1, 1, 1, 1, 1, 1, 0, 0, 0], [-1, 0, 1, 1, 1, 1, 1, -1, 1, 1, 1, 1, 0, -1, 0], [-1, 0, 1, 1, 1, 1, 1, -1, 1, 1, 1, 1, 0, -1, 0], [0, 0, 1, 1, 1, -1, -1, -1, 1, 1, 1, 1, 0, -1, 0], [0, 0, 1, 1, 1, 1, 1, 1, 1, 1, 1, 1, 0, 0, 0], [0, 0, 1, 1, 1, 1, 1, 1, 1, 1, 1, 1, 0, 0, 0], [0, 0, 1, 1, 1, 1, 1, 1, -1, 1, 1, 1, 0, 0, 0], [0, 0, 1, 1, 1, 1, 1, 1, -1, 1, 1, 1, 0, 0, 0], [0, 0, 1, 1, 1, 1, 1, 1, -1, -1, -1, 1, 0, 0, 0], [0, 0, 1, 1, 1, 1, 1, 1, 1, 1, 1, 1, 0, 0, 0], [0, 0, 1, 1, 1, 1, 1, 1, 1, 1, 1, 1, 0, 0, 0], [0, 0, 0, 0, 0, 0, 0, 0, 0, 0, 0, 0, 0, 0, 0], [0, 0, 0, 0, 0, 0, 0, 0, 0, 0, 0, 0, 0, -1, 0], [0, 0, -1, -1, -1, 0, 0, 0, 0, 0, 0, 0, 0, -1, 0], [0, 0, 0, 0, 0, 0, 0, 0, 0, 0, 0, 0, 0, 0, 0]]
uav_start = (2, 2)
base = (2, 3)
priority = [[0, 0, 0, 0, 0, 0, 0, 0, 0, 0, 0, 0, 0, 0, 0], [0, 0, 0, 0, 0, 0, 0, 0, 0, 0, 0, 0, 0, 0, 0], [0, 0, 0, 0, 0, 0, 0, 3, 3, 3, 0, 0, 0, 0, 0], [0, 0, 0, 0, 0, 3, 3, 3, 3, 3, 3, 3, 0, 0, 0], [0, 0, 11, 11, 11, 2, 2, 3, 2, 2, 2, 3, 0, 0, 0], [0, 0, 11, 11, 2, 2, 0, 2, 2, 2, 2, 12, 0, 0, 0], [0, 0, 2, 2, 2, 2, 0, 1, 1, 12, 12, 12, 0, 0, 0], [0, 0, 2, 2, 0, 0, 0, 1, 1, 12, 12, 12, 0, 0, 0], [0, 0, 1, 1, 1, 1, 1, 2, 2, 12, 12, 12, 0, 0, 0], [0, 0, 2, 2, 1, 1, 1, 2, 1, 2, 12, 12, 0, 0, 0], [0, 0, 2, 2, 2, 2, 2, 2, 1, 2, 2, 2, 0, 0, 0], [0, 0, 2, 13, 13, 13, 2, 2, 0, 2, 2, 2, 0, 0, 0], [0, 0, 2, 13, 13, 13, 2, 2, 0, 0, 0, 0, 0, 0, 0], [0, 0, 2, 13, 13, 13, 2, 2, 2, 1, 1, 2, 0, 0, 0], [0, 0, 2, 13, 13, 13, 2, 2, 2, 1, 1, 2, 0, 0, 0], [0, 0, 2, 2, 2, 2, 2, 2, 2, 1, 2, 2, 0, 0, 0], [0, 0, 2, 2, 1, 1, 1, 0, 1, 3, 2, 2, 0, 0, 0], [0, 0, 3, 1, 1, 1, 1, 0, 1, 3, 11, 11, 0, 0, 0], [0, 0, 3, 1, 1, 0, 0, 0, 3, 3, 11, 11, 0, 0, 0], [0, 0, 3, 3, 3, 3, 3, 3, 3, 3, 11, 11, 0, 0, 0], [0, 0, 3, 3, 3, 3, 3, 3, 3, 3, 11, 11, 0, 0, 0], [0, 0, 3, 3, 3, 3, 1, 1, 0, 1, 1, 11, 0, 0, 0], [0, 0, 16, 16, 16, 16, 9, 1, 0, 1, 1, 1, 0, 0, 0], [0, 0, 26, 26, 26, 26, 9, 1, 0, 0, 0, 1, 0, 0, 0], [0, 0, 30, 30, 30, 26, 9, 1, 1, 1, 8, 8, 0, 0, 0], [0, 0, 30, 30, 30, 26, 9, 1, 1, 1, 8, 8, 0, 0, 0], [0, 0, 0, 0, 0, 0, 0, 0, 0, 0, 0, 0, 0, 0, 0], [0, 0, 0, 0, 0, 0, 0, 0, 0, 0, 0, 0, 0, 0, 0], [0, 0, 0, 0, 0, 0, 0, 0, 0, 0, 0, 0, 0, 0, 0], [0, 0, 0, 0, 0, 0, 0, 0, 0, 0, 0, 0, 0, 0, 0]]
map_width = 30
map_height = 15
cell_size = 20
FPS = 60
uav_distance = 230
dis_threshold = 190

50 
40

maptype = 3
state = [[0, 0, 0, 0, 0, 0, 0, 0, 0, 0, 0, 0, 0, 0, 0, 0, 0, 0, 0, 0, 0, 0, 0, 0, 0], [0, 0, 0, -1, -1, -1, 0, 0, 0, 0, 0, 0, 0, 0, 0, 0, 0, 0, 0, 0, 0, 0, -1, 0, 0], [0, 0, 0, 0, 0, 0, 0, 0, 0, 0, 0, 0, 0, 0, 0, -1, 0, 0, 0, 0, 0, 0, 0, -1, 0], [0, 0, 0, 0, 0, 1, 1, 1, 1, 1, 1, 0, 0, 0, 0, -1, 0, 0, 0, 0, 0, 0, 0, -1, 0], [0, 0, 0, 0, 0, 1, 1, 1, 1, 1, 1, 1, 1, 1, 1, -1, 1, 1, 1, 1, 1, 0, 0, 0, 0], [0, 0, 0, 0, 1, 1, 1, 1, 1, 1, 1, 1, 1, 1, 1, -1, 1, 1, 1, 1, 1, 0, 0, 0, 0], [0, 0, 0, 0, 1, 1, -1, 1, 1, 1, 1, 1, 1, 1, 1, 1, 1, 1, 1, 1, 1, 0, 0, 0, 0], [0, 0, 0, 1, 1, 1, -1, 1, 1, 1, 1, 1, 1, 1, 1, 1, 1, 1, 1, 1, 1, 0, 0, 0, 0], [0, 0, 1, 1, 1, 1, 1, -1, 1, 1, 1, 1, 1, 1, 1, 1, 1, 1, 1, 1, 1, 0, 0, 0, 0], [0, 0, 1, 1, 1, 1, 1, -1, 1, 1, 1, 1, 1, 1, 1, 1, 1, 1, -1, -1, 1, 0, 0, 0, 0], [0, 0, 1, 1, 1, 1, 1, 1, 1, 1, 1, 1, 1, 1, 1, 1, 1, 1, 1, 1, 1, 0, 0, 0, 0], [0, 0, 1, 1, 1, 1, 1, 1, 1, 1, 1, 1, 1, 1, 1, 1, 1, 1, 1, 1, 1, 0, 0, 0, 0], [0, 0, 1, 1, 1, 1, 1, 1, 1, 1, 1, 1, 1, 1, 1, 1, 1, 1, 1, 1, 1, 0, 0, 0, 0], [0, 0, 1, 1, 1, 1, 1, 1, 1, 1, 1, 1, 1, 1, 1, 1, 1, 1, 1, 1, 1, 0, 0, 0, 0], [0, 0, 1, 1, 1, 1, 1, 1, 1, 1, 1, 1, 1, 1, 1, 1, -1, 1, 1, 1, 1, 0, 0, 0, 0], [0, 0, 1, 1, 1, 1, 1, -1, 1, 1, 1, 1, 1, 1, 1, 1, -1, 1, 1, 1, 1, 0, 0, 0, 0], [0, 0, 1, 1, 1, 1, 1, -1, -1, -1, 1, 1, 1, 1, 1, 1, -1, 1, 1, 1, 1, 0, 0, -1, 0], [0, 0, 0, 0, 1, 1, 1, 1, 1, -1, -1, 1, 1, 1, 1, 1, 1, 1, 1, 1, 1, 0, 0, -1, 0], [0, 0, 0, 0, 1, 1, 1, 1, 1, 1, 1, 1, 1, 1, 1, 1, 1, 1, 1, 1, 1, 0, 0, -1, 0], [0, -1, -1, 0, 1, 1, 1, 1, 1, 1, 1, 1, 1, 1, 1, 1, 1, 1, 1, 1, 1, 0, 0, -1, 0], [0, -1, 0, 0, 0, 0, 1, 1, 1, 1, 1, 1, 1, 1, 1, 1, 1, 1, 1, 1, 1, 0, 0, 0, 0], [0, 0, 0, 0, 0, 0, 0, 0, 1, 1, 1, 1, 0, 0, 0, 0, 0, 0, 0, 0, 0, 0, 0, 0, 0], [0, 0, 0, 0, 0, 0, 0, 0, 0, 0, 0, 0, 0, 0, 0, 0, 0, 0, 0, 0, 0, 0, 0, 0, 0], [0, 0, 0, 0, 0, 0, 0, 0, 0, 0, 0, 0, 0, 0, 0, 0, -1, -1, -1, 0, 0, 0, 0, 0, 0], [0, 0, 0, 0, 0, 0, 0, 0, 0, 0, 0, 0, 0, 0, 0, -1, -1, 0, 0, 0, 0, 0, 0, 0, 0]]
uav_start = (2, 2)
base = (3, 2)
priority = [[0, 0, 0, 0, 0, 0, 0, 0, 0, 0, 0, 0, 0, 0, 0, 0, 0, 0, 0, 0, 0, 0, 0, 0, 0], [0, 0, 0, 0, 0, 0, 0, 0, 0, 0, 0, 0, 0, 0, 0, 0, 0, 0, 0, 0, 0, 0, 0, 0, 0], [0, 0, 0, 0, 0, 0, 0, 0, 0, 0, 0, 0, 0, 0, 0, 0, 0, 0, 0, 0, 0, 0, 0, 0, 0], [0, 0, 0, 0, 0, 3, 2, 2, 2, 2, 11, 0, 0, 0, 0, 0, 0, 0, 0, 0, 0, 0, 0, 0, 0], [0, 0, 0, 0, 0, 2, 2, 2, 2, 2, 11, 11, 11, 3, 3, 0, 3, 1, 1, 10, 10, 0, 0, 0, 0], [0, 0, 0, 0, 3, 2, 2, 3, 2, 2, 2, 11, 11, 3, 2, 0, 1, 2, 1, 10, 10, 0, 0, 0, 0], [0, 0, 0, 0, 2, 2, 0, 3, 3, 3, 2, 2, 3, 3, 2, 2, 1, 2, 1, 10, 10, 0, 0, 0, 0], [0, 0, 0, 2, 2, 2, 0, 3, 2, 3, 3, 2, 2, 2, 2, 3, 1, 2, 1, 1, 1, 0, 0, 0, 0], [0, 0, 2, 2, 2, 3, 3, 0, 2, 2, 2, 3, 2, 3, 3, 3, 1, 2, 2, 1, 1, 0, 0, 0, 0], [0, 0, 3, 2, 2, 2, 2, 0, 3, 3, 3, 3, 1, 1, 1, 3, 1, 1, 0, 0, 2, 0, 0, 0, 0], [0, 0, 3, 3, 3, 3, 3, 1, 1, 1, 1, 1, 1, 1, 1, 3, 1, 1, 1, 1, 2, 0, 0, 0, 0], [0, 0, 13, 13, 3, 3, 3, 1, 3, 3, 35, 35, 35, 1, 1, 3, 3, 1, 2, 1, 3, 0, 0, 0, 0], [0, 0, 13, 13, 3, 3, 3, 3, 3, 35, 35, 35, 35, 1, 1, 1, 3, 2, 3, 1, 3, 0, 0, 0, 0], [0, 0, 13, 13, 3, 3, 3, 3, 3, 3, 35, 35, 35, 1, 2, 2, 2, 3, 3, 3, 3, 0, 0, 0, 0], [0, 0, 2, 2, 2, 3, 3, 3, 3, 3, 1, 1, 1, 1, 2, 1, 0, 3, 3, 3, 2, 0, 0, 0, 0], [0, 0, 2, 2, 2, 3, 3, 0, 3, 1, 1, 1, 1, 1, 3, 3, 0, 3, 3, 1, 2, 0, 0, 0, 0], [0, 0, 2, 2, 2, 2, 2, 0, 0, 0, 1, 1, 1, 1, 1, 3, 0, 3, 1, 1, 2, 0, 0, 0, 0], [0, 0, 0, 0, 2, 2, 2, 3, 3, 0, 0, 2, 2, 2, 3, 3, 3, 1, 3, 3, 3, 0, 0, 0, 0], [0, 0, 0, 0, 2, 2, 2, 2, 3, 1, 3, 3, 3, 3, 1, 1, 3, 2, 3, 10, 10, 0, 0, 0, 0], [0, 0, 0, 0, 2, 2, 12, 12, 1, 3, 3, 1, 1, 1, 3, 3, 1, 2, 3, 10, 10, 0, 0, 0, 0], [0, 0, 0, 0, 0, 0, 12, 12, 1, 3, 3, 1, 1, 1, 1, 2, 2, 2, 2, 2, 10, 0, 0, 0, 0], [0, 0, 0, 0, 0, 0, 0, 0, 1, 1, 1, 1, 0, 0, 0, 0, 0, 0, 0, 0, 0, 0, 0, 0, 0], [0, 0, 0, 0, 0, 0, 0, 0, 0, 0, 0, 0, 0, 0, 0, 0, 0, 0, 0, 0, 0, 0, 0, 0, 0], [0, 0, 0, 0, 0, 0, 0, 0, 0, 0, 0, 0, 0, 0, 0, 0, 0, 0, 0, 0, 0, 0, 0, 0, 0], [0, 0, 0, 0, 0, 0, 0, 0, 0, 0, 0, 0, 0, 0, 0, 0, 0, 0, 0, 0, 0, 0, 0, 0, 0]]
map_width = 25
map_height = 25
cell_size = 20
FPS = 60
uav_distance = 330
dis_threshold = 260


### Final map ###

maptype = 1
state = [[0, 0, 0, 0, 0, 0, 0, 0, 0, 0, 0, 0, 0, 0, 0, 0, 0, 0, 0, 0], [0, 0, 0, 0, 0, 0, 0, -1, -1, 0, 0, 0, 0, 0, 0, 0, 0, 0, 0, 0], [-1, 0, 0, 0, 0, 0, 0, 0, 0, 0, 0, 0, 0, 0, 0, 0, 0, 0, 0, 0], [-1, 0, 0, 1, 1, 1, 1, 1, 1, 1, 1, 1, 1, 1, 1, 0, 0, 0, 0, 0], [0, 0, 0, 1, 1, 1, 1, 1, 1, 1, 1, 1, 1, 1, 1, 0, 0, -1, -1, 0], [0, 0, 0, 1, 1, 1, 1, 1, 1, 1, 1, 1, 1, 1, 1, 0, 0, 0, -1, 0], [0, 0, 0, 1, 1, 1, 1, 1, 1, 1, 1, -1, 1, 1, 1, 0, 0, 0, -1, 0], [0, 0, 0, -1, 1, 1, 1, 1, 1, 1, -1, 1, 1, 1, 1, 0, 0, 0, 0, 0], [0, 0, 0, 1, -1, -1, 1, 1, 1, 1, 1, 1, 1, 1, 1, 0, 0, 0, 0, 0], [0, 0, 0, 1, 1, -1, -1, 1, 1, 1, 1, 1, 1, 1, 1, 0, 0, 0, 0, 0], [0, 0, 0, 1, 1, 1, 1, 1, 1, 1, 1, 1, 1, 1, 1, 0, 0, 0, 0, 0], [0, 0, 0, 0, 1, 1, 1, 1, 1, 1, 1, 1, 1, 1, 1, 0, -1, -1, 0, 0], [0, 0, 0, 0, 1, 1, 1, 1, 1, 1, 1, 1, 1, 1, 1, -1, -1, -1, -1, 0], [0, 0, 0, 0, 1, 1, 1, 1, 1, 1, 1, 1, 1, 1, 1, 0, -1, -1, -1, 0], [0, 0, 0, 0, 1, 1, 1, 1, 1, -1, -1, 1, 1, 1, 1, 0, 0, 0, 0, 0], [0, -1, 0, 0, 1, 1, 1, 1, 1, -1, -1, -1, 1, 1, 1, 0, 0, 0, 0, 0], [0, -1, 0, 0, 1, 1, 1, 1, 1, 1, 1, 1, 1, 1, 1, 1, 0, 0, 0, 0], [0, -1, 0, 0, 1, 1, 1, 1, 1, 1, 1, 1, 1, 1, 1, 1, 0, 0, 0, 0], [0, 0, 0, 0, 1, 1, 1, 1, 1, 1, 1, 1, 1, 1, 1, 1, 0, 0, 0, 0], [0, 0, 0, 0, 1, 1, -1, 1, 1, 1, 1, 1, 1, 1, 1, 1, 0, 0, 0, 0], [0, 0, 0, 0, 1, 1, -1, 1, 1, 1, 1, 1, 1, 1, 1, 1, 0, 0, 0, 0], [0, 0, 0, 0, 1, 1, 1, 1, 1, 1, 1, 1, 1, 1, 1, 1, 0, 0, 0, 0], [0, 0, 0, 0, 1, 1, 1, 1, 1, 1, 1, 1, 1, 1, 1, 1, 0, 0, 0, 0], [0, 0, 0, 0, 1, 1, 1, 1, 1, 1, 1, 1, 1, -1, -1, 1, 0, 0, 0, 0], [0, 0, 0, 0, 1, 1, 1, 1, 1, 1, 1, 1, 1, -1, -1, 1, 0, 0, 0, 0], [0, 0, 0, 0, 1, 1, 1, 1, 1, 1, 1, 1, 1, -1, -1, 1, 0, 0, 0, 0], [0, 0, -1, -1, 0, 0, 0, 0, 0, 0, 0, 0, 0, 0, 0, 0, 0, 0, -1, 0], [0, 0, 0, -1, -1, -1, 0, 0, 0, 0, 0, 0, 0, 0, 0, 0, 0, -1, -1, 0], [0, 0, 0, 0, 0, 0, 0, 0, 0, 0, 0, 0, 0, 0, 0, 0, -1, -1, 0, 0], [0, 0, 0, 0, 0, 0, 0, 0, 0, 0, 0, 0, 0, 0, 0, 0, 0, 0, 0, 0]]
uav_start = (2, 4)
base = (2, 3)
priority = [[0, 0, 0, 0, 0, 0, 0, 0, 0, 0, 0, 0, 0, 0, 0, 0, 0, 0, 0, 0], [0, 0, 0, 0, 0, 0, 0, 0, 0, 0, 0, 0, 0, 0, 0, 0, 0, 0, 0, 0], [0, 0, 0, 0, 0, 0, 0, 0, 0, 0, 0, 0, 0, 0, 0, 0, 0, 0, 0, 0], [0, 0, 0, 1, 4, 9, 9, 9, 9, 4, 2, 2, 2, 2, 2, 0, 0, 0, 0, 0], [0, 0, 0, 1, 4, 4, 9, 9, 9, 4, 2, 2, 2, 2, 2, 0, 0, 0, 0, 0], [0, 0, 0, 1, 1, 4, 4, 4, 4, 4, 2, 2, 3, 3, 2, 0, 0, 0, 0, 0], [0, 0, 0, 1, 3, 3, 1, 1, 1, 1, 3, 0, 2, 2, 2, 0, 0, 0, 0, 0], [0, 0, 0, 0, 1, 3, 1, 1, 1, 1, 0, 2, 2, 2, 2, 0, 0, 0, 0, 0], [0, 0, 0, 1, 0, 0, 3, 1, 1, 3, 2, 2, 2, 12, 12, 0, 0, 0, 0, 0], [0, 0, 0, 1, 1, 0, 0, 3, 1, 3, 3, 2, 2, 12, 12, 0, 0, 0, 0, 0], [0, 0, 0, 1, 1, 1, 1, 3, 1, 1, 3, 3, 3, 2, 2, 0, 0, 0, 0, 0], [0, 0, 0, 0, 9, 1, 1, 3, 1, 1, 3, 2, 3, 2, 2, 0, 0, 0, 0, 0], [0, 0, 0, 0, 9, 9, 1, 3, 1, 1, 3, 3, 3, 3, 3, 0, 0, 0, 0, 0], [0, 0, 0, 0, 9, 9, 1, 1, 1, 1, 3, 3, 3, 3, 3, 0, 0, 0, 0, 0], [0, 0, 0, 0, 9, 9, 1, 1, 3, 0, 0, 3, 1, 3, 3, 0, 0, 0, 0, 0], [0, 0, 0, 0, 9, 9, 2, 2, 3, 0, 0, 0, 1, 1, 1, 0, 0, 0, 0, 0], [0, 0, 0, 0, 9, 2, 2, 2, 4, 4, 4, 3, 4, 4, 2, 2, 0, 0, 0, 0], [0, 0, 0, 0, 2, 2, 2, 2, 4, 4, 4, 3, 2, 2, 10, 10, 0, 0, 0, 0], [0, 0, 0, 0, 2, 2, 3, 3, 4, 4, 4, 3, 2, 2, 10, 10, 0, 0, 0, 0], [0, 0, 0, 0, 2, 3, 0, 3, 4, 4, 4, 3, 2, 2, 10, 10, 0, 0, 0, 0], [0, 0, 0, 0, 2, 3, 0, 3, 3, 3, 4, 3, 2, 2, 2, 10, 0, 0, 0, 0], [0, 0, 0, 0, 3, 3, 3, 3, 3, 3, 3, 3, 2, 2, 2, 2, 0, 0, 0, 0], [0, 0, 0, 0, 3, 2, 2, 2, 40, 40, 3, 3, 3, 3, 2, 2, 0, 0, 0, 0], [0, 0, 0, 0, 3, 2, 2, 2, 40, 40, 3, 3, 3, 0, 0, 3, 0, 0, 0, 0], [0, 0, 0, 0, 3, 3, 3, 2, 3, 3, 3, 3, 3, 0, 0, 3, 0, 0, 0, 0], [0, 0, 0, 0, 2, 2, 3, 3, 3, 3, 3, 3, 3, 0, 0, 3, 0, 0, 0, 0], [0, 0, 0, 0, 0, 0, 0, 0, 0, 0, 0, 0, 0, 0, 0, 0, 0, 0, 0, 0], [0, 0, 0, 0, 0, 0, 0, 0, 0, 0, 0, 0, 0, 0, 0, 0, 0, 0, 0, 0], [0, 0, 0, 0, 0, 0, 0, 0, 0, 0, 0, 0, 0, 0, 0, 0, 0, 0, 0, 0], [0, 0, 0, 0, 0, 0, 0, 0, 0, 0, 0, 0, 0, 0, 0, 0, 0, 0, 0, 0]]
map_width = 30
map_height = 20
cell_size = 20
FPS = 60
uav_distance = 130
dis_threshold = 100

maptype = 2
state = [[0, 0, 0, 0, 0, -1, 0, 0, 0, 0, 0, 0, 0, 0, 0], [0, 0, 0, 0, 0, -1, -1, -1, 0, 0, 0, 0, 0, 0, 0], [0, 0, 0, 0, 0, 0, 0, 1, 1, 1, 0, 0, 0, 0, 0], [0, 0, 0, 0, 0, 1, 1, 1, 1, 1, 1, 1, 0, 0, 0], [0, 0, 1, 1, 1, 1, 1, 1, 1, 1, 1, 1, 0, -1, -1], [0, 0, 1, 1, 1, 1, -1, 1, 1, 1, 1, 1, 0, 0, 0], [0, 0, 1, 1, 1, 1, -1, 1, 1, 1, 1, 1, 0, 0, 0], [0, 0, 1, 1, -1, -1, -1, 1, 1, 1, 1, 1, 0, 0, 0], [0, 0, 1, 1, 1, 1, 1, 1, 1, 1, 1, 1, 0, 0, 0], [0, 0, 1, 1, 1, 1, 1, 1, 1, 1, 1, 1, 0, 0, 0], [0, 0, 1, 1, 1, 1, 1, 1, 1, 1, 1, 1, 0, 0, 0], [0, 0, 1, 1, 1, 1, 1, 1, -1, 1, 1, 1, 0, 0, 0], [0, 0, 1, 1, 1, 1, 1, 1, -1, -1, -1, -1, 0, 0, 0], [0, 0, 1, 1, 1, 1, 1, 1, 1, 1, 1, 1, 0, 0, 0], [-1, 0, 1, 1, 1, 1, 1, 1, 1, 1, 1, 1, 0, 0, 0], [-1, 0, 1, 1, 1, 1, 1, 1, 1, 1, 1, 1, 0, 0, 0], [-1, 0, 1, 1, 1, 1, 1, -1, 1, 1, 1, 1, 0, -1, 0], [-1, 0, 1, 1, 1, 1, 1, -1, 1, 1, 1, 1, 0, -1, 0], [0, 0, 1, 1, 1, -1, -1, -1, 1, 1, 1, 1, 0, -1, 0], [0, 0, 1, 1, 1, 1, 1, 1, 1, 1, 1, 1, 0, 0, 0], [0, 0, 1, 1, 1, 1, 1, 1, 1, 1, 1, 1, 0, 0, 0], [0, 0, 1, 1, 1, 1, 1, 1, -1, 1, 1, 1, 0, 0, 0], [0, 0, 1, 1, 1, 1, 1, 1, -1, 1, 1, 1, 0, 0, 0], [0, 0, 1, 1, 1, 1, 1, 1, -1, -1, -1, 1, 0, 0, 0], [0, 0, 1, 1, 1, 1, 1, 1, 1, 1, 1, 1, 0, 0, 0], [0, 0, 1, 1, 1, 1, 1, 1, 1, 1, 1, 1, 0, 0, 0], [0, 0, 0, 0, 0, 0, 0, 0, 0, 0, 0, 0, 0, 0, 0], [0, 0, 0, 0, 0, 0, 0, 0, 0, 0, 0, 0, 0, -1, 0], [0, 0, -1, -1, -1, 0, 0, 0, 0, 0, 0, 0, 0, -1, 0], [0, 0, 0, 0, 0, 0, 0, 0, 0, 0, 0, 0, 0, 0, 0]]
uav_start = (2, 2)
base = (2, 3)
priority = [[0, 0, 0, 0, 0, 0, 0, 0, 0, 0, 0, 0, 0, 0, 0], [0, 0, 0, 0, 0, 0, 0, 0, 0, 0, 0, 0, 0, 0, 0], [0, 0, 0, 0, 0, 0, 0, 3, 3, 3, 0, 0, 0, 0, 0], [0, 0, 0, 0, 0, 3, 3, 3, 3, 3, 3, 3, 0, 0, 0], [0, 0, 11, 11, 11, 2, 2, 3, 2, 2, 2, 3, 0, 0, 0], [0, 0, 11, 11, 2, 2, 0, 2, 2, 2, 2, 12, 0, 0, 0], [0, 0, 2, 2, 2, 2, 0, 1, 1, 12, 12, 12, 0, 0, 0], [0, 0, 2, 2, 0, 0, 0, 1, 1, 12, 12, 12, 0, 0, 0], [0, 0, 1, 1, 1, 1, 1, 2, 2, 12, 12, 12, 0, 0, 0], [0, 0, 2, 2, 1, 1, 1, 2, 1, 2, 12, 12, 0, 0, 0], [0, 0, 2, 2, 2, 2, 2, 2, 1, 2, 2, 2, 0, 0, 0], [0, 0, 2, 13, 13, 13, 2, 2, 0, 2, 2, 2, 0, 0, 0], [0, 0, 2, 13, 13, 13, 2, 2, 0, 0, 0, 0, 0, 0, 0], [0, 0, 2, 13, 13, 13, 2, 2, 2, 1, 1, 2, 0, 0, 0], [0, 0, 2, 13, 13, 13, 2, 2, 2, 1, 1, 2, 0, 0, 0], [0, 0, 2, 2, 2, 2, 2, 2, 2, 1, 2, 2, 0, 0, 0], [0, 0, 2, 2, 1, 1, 1, 0, 1, 3, 2, 2, 0, 0, 0], [0, 0, 3, 1, 1, 1, 1, 0, 1, 3, 11, 11, 0, 0, 0], [0, 0, 3, 1, 1, 0, 0, 0, 3, 3, 11, 11, 0, 0, 0], [0, 0, 3, 3, 3, 3, 3, 3, 3, 3, 11, 11, 0, 0, 0], [0, 0, 3, 3, 3, 3, 3, 3, 3, 3, 11, 11, 0, 0, 0], [0, 0, 3, 3, 3, 3, 1, 1, 0, 1, 1, 11, 0, 0, 0], [0, 0, 16, 16, 16, 16, 9, 1, 0, 1, 1, 1, 0, 0, 0], [0, 0, 26, 26, 26, 26, 9, 1, 0, 0, 0, 1, 0, 0, 0], [0, 0, 30, 30, 30, 26, 9, 1, 1, 1, 8, 8, 0, 0, 0], [0, 0, 30, 30, 30, 26, 9, 1, 1, 1, 8, 8, 0, 0, 0], [0, 0, 0, 0, 0, 0, 0, 0, 0, 0, 0, 0, 0, 0, 0], [0, 0, 0, 0, 0, 0, 0, 0, 0, 0, 0, 0, 0, 0, 0], [0, 0, 0, 0, 0, 0, 0, 0, 0, 0, 0, 0, 0, 0, 0], [0, 0, 0, 0, 0, 0, 0, 0, 0, 0, 0, 0, 0, 0, 0]]
map_width = 30
map_height = 15
cell_size = 20
FPS = 60
uav_distance = 230
dis_threshold = 190

maptype = 3
state = [[0, 0, 0, 0, 0, 0, 0, 0, 0, 0, 0, 0, 0, 0, 0, 0, 0, 0, 0, 0, 0, 0, 0, 0, 0], [0, 0, 0, -1, -1, -1, 0, 0, 0, 0, 0, 0, 0, 0, 0, 0, 0, 0, 0, 0, 0, 0, -1, 0, 0], [0, 0, 0, 0, 0, 0, 0, 0, 0, 0, 0, 0, 0, 0, 0, -1, 0, 0, 0, 0, 0, 0, 0, -1, 0], [0, 0, 0, 0, 0, 1, 1, 1, 1, 1, 1, 0, 0, 0, 0, -1, 0, 0, 0, 0, 0, 0, 0, -1, 0], [0, 0, 0, 0, 0, 1, 1, 1, 1, 1, 1, 1, 1, 1, 1, -1, 1, 1, 1, 1, 1, 0, 0, 0, 0], [0, 0, 0, 0, 1, 1, 1, 1, 1, 1, 1, 1, 1, 1, 1, -1, 1, 1, 1, 1, 1, 0, 0, 0, 0], [0, 0, 0, 0, 1, 1, -1, 1, 1, 1, 1, 1, 1, 1, 1, 1, 1, 1, 1, 1, 1, 0, 0, 0, 0], [0, 0, 0, 1, 1, 1, -1, 1, 1, 1, 1, 1, 1, 1, 1, 1, 1, 1, 1, 1, 1, 0, 0, 0, 0], [0, 0, 1, 1, 1, 1, 1, -1, 1, 1, 1, 1, 1, 1, 1, 1, 1, 1, 1, 1, 1, 0, 0, 0, 0], [0, 0, 1, 1, 1, 1, 1, -1, 1, 1, 1, 1, 1, 1, 1, 1, 1, 1, -1, -1, 1, 0, 0, 0, 0], [0, 0, 1, 1, 1, 1, 1, 1, 1, 1, 1, 1, 1, 1, 1, 1, 1, 1, 1, 1, 1, 0, 0, 0, 0], [0, 0, 1, 1, 1, 1, 1, 1, 1, 1, 1, 1, 1, 1, 1, 1, 1, 1, 1, 1, 1, 0, 0, 0, 0], [0, 0, 1, 1, 1, 1, 1, 1, 1, 1, 1, 1, 1, 1, 1, 1, 1, 1, 1, 1, 1, 0, 0, 0, 0], [0, 0, 1, 1, 1, 1, 1, 1, 1, 1, 1, 1, 1, 1, 1, 1, 1, 1, 1, 1, 1, 0, 0, 0, 0], [0, 0, 1, 1, 1, 1, 1, 1, 1, 1, 1, 1, 1, 1, 1, 1, -1, 1, 1, 1, 1, 0, 0, 0, 0], [0, 0, 1, 1, 1, 1, 1, -1, 1, 1, 1, 1, 1, 1, 1, 1, -1, 1, 1, 1, 1, 0, 0, 0, 0], [0, 0, 1, 1, 1, 1, 1, -1, -1, -1, 1, 1, 1, 1, 1, 1, -1, 1, 1, 1, 1, 0, 0, -1, 0], [0, 0, 0, 0, 1, 1, 1, 1, 1, -1, -1, 1, 1, 1, 1, 1, 1, 1, 1, 1, 1, 0, 0, -1, 0], [0, 0, 0, 0, 1, 1, 1, 1, 1, 1, 1, 1, 1, 1, 1, 1, 1, 1, 1, 1, 1, 0, 0, -1, 0], [0, -1, -1, 0, 1, 1, 1, 1, 1, 1, 1, 1, 1, 1, 1, 1, 1, 1, 1, 1, 1, 0, 0, -1, 0], [0, -1, 0, 0, 0, 0, 1, 1, 1, 1, 1, 1, 1, 1, 1, 1, 1, 1, 1, 1, 1, 0, 0, 0, 0], [0, 0, 0, 0, 0, 0, 0, 0, 1, 1, 1, 1, 0, 0, 0, 0, 0, 0, 0, 0, 0, 0, 0, 0, 0], [0, 0, 0, 0, 0, 0, 0, 0, 0, 0, 0, 0, 0, 0, 0, 0, 0, 0, 0, 0, 0, 0, 0, 0, 0], [0, 0, 0, 0, 0, 0, 0, 0, 0, 0, 0, 0, 0, 0, 0, 0, -1, -1, -1, 0, 0, 0, 0, 0, 0], [0, 0, 0, 0, 0, 0, 0, 0, 0, 0, 0, 0, 0, 0, 0, -1, -1, 0, 0, 0, 0, 0, 0, 0, 0]]
uav_start = (2, 2)
base = (3, 2)
priority = [[0, 0, 0, 0, 0, 0, 0, 0, 0, 0, 0, 0, 0, 0, 0, 0, 0, 0, 0, 0, 0, 0, 0, 0, 0], [0, 0, 0, 0, 0, 0, 0, 0, 0, 0, 0, 0, 0, 0, 0, 0, 0, 0, 0, 0, 0, 0, 0, 0, 0], [0, 0, 0, 0, 0, 0, 0, 0, 0, 0, 0, 0, 0, 0, 0, 0, 0, 0, 0, 0, 0, 0, 0, 0, 0], [0, 0, 0, 0, 0, 3, 2, 2, 2, 2, 11, 0, 0, 0, 0, 0, 0, 0, 0, 0, 0, 0, 0, 0, 0], [0, 0, 0, 0, 0, 2, 2, 2, 2, 2, 11, 11, 11, 3, 3, 0, 3, 1, 1, 10, 10, 0, 0, 0, 0], [0, 0, 0, 0, 3, 2, 2, 3, 2, 2, 2, 11, 11, 3, 2, 0, 1, 2, 1, 10, 10, 0, 0, 0, 0], [0, 0, 0, 0, 2, 2, 0, 3, 3, 3, 2, 2, 3, 3, 2, 2, 1, 2, 1, 10, 10, 0, 0, 0, 0], [0, 0, 0, 2, 2, 2, 0, 3, 2, 3, 3, 2, 2, 2, 2, 3, 1, 2, 1, 1, 1, 0, 0, 0, 0], [0, 0, 2, 2, 2, 3, 3, 0, 2, 2, 2, 3, 2, 3, 3, 3, 1, 2, 2, 1, 1, 0, 0, 0, 0], [0, 0, 3, 2, 2, 2, 2, 0, 3, 3, 3, 3, 1, 1, 1, 3, 1, 1, 0, 0, 2, 0, 0, 0, 0], [0, 0, 3, 3, 3, 3, 3, 1, 1, 1, 1, 1, 1, 1, 1, 3, 1, 1, 1, 1, 2, 0, 0, 0, 0], [0, 0, 13, 13, 3, 3, 3, 1, 3, 3, 35, 35, 35, 1, 1, 3, 3, 1, 2, 1, 3, 0, 0, 0, 0], [0, 0, 13, 13, 3, 3, 3, 3, 3, 35, 35, 35, 35, 1, 1, 1, 3, 2, 3, 1, 3, 0, 0, 0, 0], [0, 0, 13, 13, 3, 3, 3, 3, 3, 3, 35, 35, 35, 1, 2, 2, 2, 3, 3, 3, 3, 0, 0, 0, 0], [0, 0, 2, 2, 2, 3, 3, 3, 3, 3, 1, 1, 1, 1, 2, 1, 0, 3, 3, 3, 2, 0, 0, 0, 0], [0, 0, 2, 2, 2, 3, 3, 0, 3, 1, 1, 1, 1, 1, 3, 3, 0, 3, 3, 1, 2, 0, 0, 0, 0], [0, 0, 2, 2, 2, 2, 2, 0, 0, 0, 1, 1, 1, 1, 1, 3, 0, 3, 1, 1, 2, 0, 0, 0, 0], [0, 0, 0, 0, 2, 2, 2, 3, 3, 0, 0, 2, 2, 2, 3, 3, 3, 1, 3, 3, 3, 0, 0, 0, 0], [0, 0, 0, 0, 2, 2, 2, 2, 3, 1, 3, 3, 3, 3, 1, 1, 3, 2, 3, 10, 10, 0, 0, 0, 0], [0, 0, 0, 0, 2, 2, 12, 12, 1, 3, 3, 1, 1, 1, 3, 3, 1, 2, 3, 10, 10, 0, 0, 0, 0], [0, 0, 0, 0, 0, 0, 12, 12, 1, 3, 3, 1, 1, 1, 1, 2, 2, 2, 2, 2, 10, 0, 0, 0, 0], [0, 0, 0, 0, 0, 0, 0, 0, 1, 1, 1, 1, 0, 0, 0, 0, 0, 0, 0, 0, 0, 0, 0, 0, 0], [0, 0, 0, 0, 0, 0, 0, 0, 0, 0, 0, 0, 0, 0, 0, 0, 0, 0, 0, 0, 0, 0, 0, 0, 0], [0, 0, 0, 0, 0, 0, 0, 0, 0, 0, 0, 0, 0, 0, 0, 0, 0, 0, 0, 0, 0, 0, 0, 0, 0], [0, 0, 0, 0, 0, 0, 0, 0, 0, 0, 0, 0, 0, 0, 0, 0, 0, 0, 0, 0, 0, 0, 0, 0, 0]]
map_width = 25
map_height = 25
cell_size = 20
FPS = 60
uav_distance = 330
dis_threshold = 260

### Basically

maptype = 1
state = [[0, 0, 0, 0, 0, 0, 0, 0, 0, 0, 0, 0, 0, 0, 0, 0, 0, 0, 0, 0], [0, 0, 0, 0, 0, 0, 0, 0, 0, 0, 0, 0, 0, 0, 0, -1, -1, -1, 0, 0], [0, 0, 0, 0, 0, 0, 0, 0, 0, 0, 0, 0, 0, 0, 0, 0, 0, 0, 0, 0], [0, 0, 0, 0, 0, 1, 1, 1, 1, 1, 1, 1, 1, 1, 1, 0, 0, 0, 0, 0], [0, 0, 0, 0, 0, 1, 1, 1, 1, 1, 1, 1, 1, -1, 1, 0, 0, 0, 0, 0], [0, -1, -1, 0, 1, 1, 1, 1, 1, 1, 1, 1, 1, -1, 1, 1, 0, 0, 0, 0], [0, 0, -1, -1, 1, 1, 1, 1, 1, 1, 1, 1, -1, -1, 1, 1, 0, 0, 0, 0], [0, 0, 0, 1, 1, 1, 1, 1, 1, 1, 1, 1, 1, 1, 1, 1, 0, 0, 0, 0], [0, 0, 0, 1, 1, 1, -1, 1, 1, 1, 1, 1, 1, 1, 1, 1, 0, 0, -1, 0], [0, 0, 0, 1, 1, 1, -1, 1, 1, 1, 1, 1, 1, 1, 1, 1, 0, 0, -1, -1], [0, 0, 0, 1, 1, 1, -1, -1, -1, 1, 1, 1, 1, 1, 1, 1, 0, 0, 0, 0], [0, 0, 0, 0, 1, 1, 1, 1, 1, 1, 1, 1, 1, 1, 1, 1, 0, 0, 0, 0], [0, 0, 0, 0, 1, 1, 1, 1, 1, 1, 1, 1, 1, 1, 1, 1, 0, 0, 0, 0], [0, 0, 0, 0, 1, 1, 1, 1, 1, 1, 1, 1, 1, 1, 1, 1, 0, 0, 0, 0], [0, 0, 0, 0, 1, 1, 1, 1, 1, 1, 1, 1, 1, 1, 1, 1, 0, 0, 0, 0], [0, 0, 0, 0, 1, 1, 1, 1, 1, 1, 1, 1, 1, -1, 1, 1, 0, 0, 0, 0], [0, 0, 0, 0, 1, 1, 1, 1, 1, 1, 1, 1, 1, -1, 1, 1, 0, 0, 0, 0], [0, 0, 0, 0, 1, 1, 1, 1, 1, 1, 1, -1, -1, -1, 1, 1, 0, 0, 0, 0], [0, 0, 0, 0, 1, 1, 1, 1, 1, 1, 1, 1, 1, 1, 1, 1, 0, 0, 0, 0], [0, 0, 0, 0, 1, 1, 1, 1, 1, 1, 1, 1, 1, 1, 1, 1, 0, 0, 0, 0], [0, 0, 0, 0, 1, 1, 1, 1, 1, 1, 1, 1, 1, 1, 1, 1, 0, 0, 0, 0], [0, 0, 0, 0, -1, -1, 1, 1, 1, -1, 1, 1, 1, 1, 1, 1, 0, 0, 0, 0], [0, 0, 0, 0, -1, 1, 1, 1, 1, -1, 1, 1, 1, 1, 1, 1, 0, 0, 0, 0], [0, 0, 0, 0, 1, 1, 1, 1, 1, -1, 1, 1, 1, 1, 1, 1, 0, 0, 0, 0], [0, 0, 0, 0, 1, 1, 1, 1, 1, 1, 1, 1, 1, 1, 1, 1, 0, -1, 0, 0], [0, 0, -1, 0, 0, 1, 1, 1, 1, 1, 1, -1, -1, 1, 1, 1, 0, -1, 0, 0], [0, -1, -1, 0, 0, 1, 1, 1, 1, 1, 1, 1, 1, 1, 1, 1, 0, -1, 0, 0], [0, -1, 0, 0, 0, 0, 0, 0, 0, 0, 0, 0, 0, 0, 0, 0, 0, -1, 0, 0], [0, 0, 0, 0, 0, 0, 0, 0, 0, 0, 0, 0, 0, 0, 0, 0, 0, 0, 0, 0], [0, 0, 0, 0, 0, 0, 0, 0, 0, 0, 0, 0, 0, 0, 0, 0, 0, 0, 0, 0]]
uav_start = (2, 2)
base = (2, 3)
priority = [[0, 0, 0, 0, 0, 0, 0, 0, 0, 0, 0, 0, 0, 0, 0, 0, 0, 0, 0, 0], [0, 0, 0, 0, 0, 0, 0, 0, 0, 0, 0, 0, 0, 0, 0, 0, 0, 0, 0, 0], [0, 0, 0, 0, 0, 0, 0, 0, 0, 0, 0, 0, 0, 0, 0, 0, 0, 0, 0, 0], [0, 0, 0, 0, 0, 2, 2, 2, 11, 11, 11, 2, 2, 2, 2, 0, 0, 0, 0, 0], [0, 0, 0, 0, 0, 2, 2, 2, 11, 11, 3, 3, 3, 0, 2, 0, 0, 0, 0, 0], [0, 0, 0, 0, 2, 2, 2, 1, 3, 3, 3, 3, 3, 0, 1, 1, 0, 0, 0, 0], [0, 0, 0, 0, 2, 1, 1, 1, 3, 3, 3, 3, 0, 0, 1, 1, 0, 0, 0, 0], [0, 0, 0, 2, 2, 1, 1, 1, 3, 3, 3, 3, 3, 3, 1, 1, 0, 0, 0, 0], [0, 0, 0, 2, 2, 1, 0, 1, 3, 3, 3, 3, 2, 1, 10, 10, 0, 0, 0, 0], [0, 0, 0, 2, 1, 1, 0, 1, 3, 3, 1, 1, 1, 1, 10, 10, 0, 0, 0, 0], [0, 0, 0, 3, 3, 1, 0, 0, 0, 3, 1, 1, 1, 1, 10, 10, 0, 0, 0, 0], [0, 0, 0, 0, 3, 3, 2, 2, 2, 3, 1, 1, 1, 1, 1, 1, 0, 0, 0, 0], [0, 0, 0, 0, 3, 3, 3, 2, 2, 3, 1, 3, 3, 3, 1, 1, 0, 0, 0, 0], [0, 0, 0, 0, 3, 3, 3, 2, 2, 2, 3, 3, 3, 3, 3, 1, 0, 0, 0, 0], [0, 0, 0, 0, 3, 3, 2, 2, 2, 2, 2, 3, 3, 3, 3, 1, 0, 0, 0, 0], [0, 0, 0, 0, 11, 3, 3, 5, 2, 2, 2, 2, 2, 0, 2, 1, 0, 0, 0, 0], [0, 0, 0, 0, 11, 11, 3, 5, 2, 2, 2, 2, 2, 0, 2, 1, 0, 0, 0, 0], [0, 0, 0, 0, 11, 11, 3, 3, 1, 2, 2, 0, 0, 0, 2, 1, 0, 0, 0, 0], [0, 0, 0, 0, 11, 11, 1, 1, 1, 3, 3, 2, 2, 2, 2, 1, 0, 0, 0, 0], [0, 0, 0, 0, 1, 1, 1, 1, 1, 3, 2, 2, 2, 2, 2, 2, 0, 0, 0, 0], [0, 0, 0, 0, 1, 1, 1, 2, 3, 2, 2, 2, 2, 2, 2, 2, 0, 0, 0, 0], [0, 0, 0, 0, 0, 0, 1, 1, 1, 0, 2, 2, 2, 10, 10, 2, 0, 0, 0, 0], [0, 0, 0, 0, 0, 1, 1, 1, 3, 0, 2, 2, 2, 10, 10, 2, 0, 0, 0, 0], [0, 0, 0, 0, 1, 1, 1, 1, 1, 0, 3, 2, 2, 10, 10, 2, 0, 0, 0, 0], [0, 0, 0, 0, 1, 1, 1, 1, 1, 1, 3, 3, 2, 2, 2, 3, 0, 0, 0, 0], [0, 0, 0, 0, 0, 47, 47, 1, 1, 2, 3, 0, 0, 3, 3, 3, 0, 0, 0, 0], [0, 0, 0, 0, 0, 47, 47, 1, 1, 2, 2, 1, 1, 3, 3, 3, 0, 0, 0, 0], [0, 0, 0, 0, 0, 0, 0, 0, 0, 0, 0, 0, 0, 0, 0, 0, 0, 0, 0, 0], [0, 0, 0, 0, 0, 0, 0, 0, 0, 0, 0, 0, 0, 0, 0, 0, 0, 0, 0, 0], [0, 0, 0, 0, 0, 0, 0, 0, 0, 0, 0, 0, 0, 0, 0, 0, 0, 0, 0, 0]]
map_width = 30
map_height = 20
cell_size = 20
FPS = 60
uav_distance = 130
dis_threshold = 100